84321906783507231649
82670491583926507123
89201347561903482756
81394260725891730456
86901234587120394567
80476521934851239067
85203719456802934170
87926104319274850612
83491702561839027456
81573249087634520918
89710432567891234056
82905147362094873215
80374691253018746259
89120475362981034725
80719452386091753412
84609127348572039165
81234967052891745632
89453210763428190754
82039471652348920761
89760431254812036719
83192074658203491765
82743501928645123709
86512034978120436952
80346291754023841692
89470523128634521907
82034569172498723651
89703246512849037621
81372405698230471625
84970236128704532194
89472356120987451203
82653104782913456072
89321407659812435067
80451273928634705912
89127304561872459023
82013476592034871259
89704351237689512403
83642019578432160749
82453109768523401976
89120534726809345172
80341257926874305124
89674325182091346750
82974035612897420153
84751293046872530192
89273104569871342057
82074351628914703542
